P_S_time:0.1201634407043457
F_TIME:0.3287360668182373
KMEANS_TIME:0.03833317756652832
