P_S_time:0.00800466537475586
F_TIME:0.06539440155029297
KMEANS_TIME:0.0621488094329834
