P_S_time:0.007527589797973633
F_TIME:0.039990901947021484
KMEANS_TIME:0.057729482650756836
