P_S_time:10.95109224319458
F_TIME:86.48807001113892
KMEANS_TIME:0.15269255638122559
